,Mưa đỏ,Mai,Lật mặt 7: Một điều ước,Nhà bà Nữ,Bố già,Bộ tứ báo thủ,Avengers: Hồi kết,Avatar: Dòng chảy của nước,Lật mặt 6: Tấm vé định mệnh,Nhà gia tiên,Exhuma: Quật mộ trùng ma,Phù thủy tối thượng trong Đa Vũ trụ hỗn loạn,Minions: Sự trỗi dậy của Gru,Hai Phượng,Cua lại vợ bầu,Avengers: Cuộc chiến vô cực,Bỗng dưng trúng số,Mắt biếc,Thám tử lừng danh Conan: Dư ảnh của độc nhãn,Tiệc trăng máu,Địa đạo: Mặt trời trong bóng tối,Mang mẹ đi bỏ,Em chưa 18,Doraemon: Nobita và cuộc phiêu lưu vào thế giới trong tranh,Kong: Đảo Đầu lâu,Gái già lắm chiêu 3,Fast & Furious 8,Aquaman: Đế vương Atlantis,Fast & Furious: Hobbs & Shaw,Lật mặt: 48h,Doraemon: Nobita và bản giao hưởng Địa Cầu,Fast & Furious 7,Godzilla x Kong: Đế chế mới,Đất rừng phương Nam,Godzilla đại chiến Kong,Kẻ trộm Mặt Trăng 4,Thanh gươm diệt quỷ: Vô hạn thành,Kung Fu Panda 4,Ma da,Người Nhện: Không còn nhà,Avengers: Đế chế Ultron,Siêu lừa gặp siêu lầy,Chị chị em em 2,Thor: Tình yêu và sấm sét,Thám tử lừng danh Conan: Ngôi sao 5 cánh 1 triệu đô,Người Nhện xa nhà,Cám,Đèn âm hồn,Mỹ nhân ngư,Thế Giới Khủng Long,Gặp lại chị bầu,Black Panther: Chiến binh Báo Đen,Em là bà nội của anh,Để Mai tính 2,Em và Trịnh,Fast & Furious X,Tee Yod: Quỷ ăn tạng 2,Minions
Mưa đỏ,-2.220446049250313e-16,0.7981514782125008,0.89040759974892,0.8742666392222298,0.9040399374120756,1.0,0.6556641429127106,0.771247158250389,0.8437781448274094,0.9074358961743322,0.8169458395641935,0.8469417626813214,0.7381586910658458,0.8581562484734644,0.8326250888078446,0.6213371918623088,0.817105731511828,0.776397179520895,1.0,0.8345900725896533,0.5814689463142619,0.9251561183437086,1.0,0.8396687384151584,0.6499510165350356,0.8880090090713469,0.7677007419737297,0.7090842898467002,0.7250997904369335,0.8347654518286318,0.8248543469002136,0.9099825831518189,0.8370506908616852,0.7022920980721079,0.7260578360843033,1.0,0.6728078402170541,0.6901955849635811,0.9244902329321919,0.747124207530709,0.6191846554793834,0.8288603066985594,0.8757654222944727,0.7510867287458929,1.0,0.7298889595367666,0.7954954123274444,0.8577913445372188,0.7347340402947213,1.0,0.892721719939497,0.6961580272667798,0.9005790063587841,0.8067927949701693,0.7920040897049007,0.8132660462328967,0.7330290261930439,0.786769990103481
Mai,0.7981514782125008,-4.440892098500626e-16,0.4709743766242178,0.49310417375753335,0.5176514881749259,1.0,0.6230024390993,0.6717343473131266,0.5834662961310076,0.6146256219040099,0.617799423425992,0.6629610151013495,0.6835593419652847,0.5917943051578187,0.49550880396487496,0.6606331999586024,0.7728489681487751,0.5000362402168019,1.0,0.5432499039944394,0.6823536307702971,0.6686502777302127,1.0,0.6172818652837092,0.684434480325998,0.6479783022130361,0.6302622035766945,0.5636423435444395,0.6721151732174249,0.6214464001733555,0.6452965555800647,0.7899500412062017,0.8179528457396539,0.6101231750944554,0.7106212518246959,1.0,0.7429414673409347,0.676865563604912,0.6272007382974851,0.7034647852717377,0.7106300535028909,0.6493230682873622,0.5785397645176968,0.6613194772882389,1.0,0.6987597417465172,0.45933112823916256,0.6975240692566997,0.6958395245506677,1.0,0.695100548913256,0.6107103685430547,0.5797045561861816,0.744244781794639,0.5048823480692095,0.6875703633119549,0.6223637536906372,0.6407317695098289
Lật mặt 7: Một điều ước,0.89040759974892,0.4709743766242178,0.0,0.381700687084384,0.5778202675266235,1.0,0.7585967560563738,0.7469321807090534,0.7777142807190395,0.7536240213703865,0.7567665282881176,0.8344578242462916,0.7848300457031231,0.736812033849163,0.6915978772358258,0.8047503983869446,0.8293032083584536,0.708322081139019,1.0,0.7492853061365996,0.7735853850198828,0.7378282948942257,1.0,0.7579048009193714,0.7672618169047377,0.6458685773606483,0.7511728437603329,0.6574867877331619,0.7802492170542034,0.6875905361860846,0.7512242471732707,0.8504794903949677,0.8707399355820223,0.7664323903418082,0.7669562789349578,1.0,0.8323765858237524,0.7916701316443074,0.5063920641836899,0.8066238571251263,0.7684805110161919,0.6978492031716055,0.7565420050499105,0.8091967107093017,1.0,0.8173317895666679,0.5748484806736476,0.8750160514252219,0.8538463577998685,1.0,0.7303243312191743,0.7575644248652342,0.4757749225943183,0.8386110229960588,0.676482324286549,0.7657574431084959,0.7368387979226368,0.7815333067294252
Nhà bà Nữ,0.8742666392222298,0.49310417375753335,0.381700687084384,-2.220446049250313e-16,0.5924207504233345,1.0,0.6997851850294299,0.6034313103606824,0.7082880416518402,0.7170869159465854,0.6603880810115097,0.8101587344893654,0.6984072162296597,0.6884793624066289,0.5749082213689718,0.748148539873139,0.8282768393885525,0.6273301208766562,1.0,0.683581630659688,0.737552015288988,0.7394632628123691,1.0,0.7125878292168926,0.7207887232950688,0.6428527382168612,0.6576646535033117,0.6755288965519904,0.7592652593509936,0.6272912068091792,0.6835527491646951,0.8308732058195831,0.8569337383864619,0.6789003950617309,0.7872887598101881,1.0,0.7814792748796674,0.7454622683220324,0.5709086015668655,0.7322780732802414,0.7941657033610143,0.6712809472995045,0.7403796994335162,0.773970764866518,1.0,0.7441897374260719,0.5410585084142805,0.7498296870274074,0.8500768045613214,1.0,0.7705666855041696,0.7014506884861698,0.5960145229844578,0.8022043059729703,0.5722188800249786,0.795421090196907,0.67680008720084,0.6708598565574797
Bố già,0.9040399374120756,0.5176514881749259,0.5778202675266235,0.5924207504233345,0.0,1.0,0.7254796408742441,0.6824551029839021,0.6894301893314362,0.784462013951583,0.5730349478955099,0.806532665372266,0.6556872846133832,0.7989617654349226,0.7302581737855289,0.7503483275131357,0.7112468494827067,0.7424051397719966,1.0,0.6743675181691845,0.7647780893829469,0.7351318530021977,1.0,0.7441033106907212,0.7102146944124275,0.792116697658397,0.681094426265143,0.6774024350306207,0.7495569526169575,0.6555826117656613,0.7274666485088859,0.8466959470103522,0.9137173129426185,0.6665531061649219,0.7836229237354475,1.0,0.8387156775928681,0.7572403389806615,0.7148555795869271,0.7096641544314746,0.7888706808636625,0.6972452572190367,0.742679652375155,0.7583454169703863,1.0,0.7309350043389287,0.5894804336963562,0.7934455089224896,0.8321769963970138,1.0,0.8123273261106642,0.7060224515757527,0.652197150427194,0.7670724476493551,0.5255173592612654,0.7599361013769094,0.6539152333827412,0.7398838797505698
Bộ tứ báo thủ,1.0,1.0,1.0,1.0,1.0,1.0,1.0,1.0,1.0,1.0,1.0,1.0,1.0,1.0,1.0,1.0,1.0,1.0,1.0,1.0,1.0,1.0,1.0,1.0,1.0,1.0,1.0,1.0,1.0,1.0,1.0,1.0,1.0,1.0,1.0,1.0,1.0,1.0,1.0,1.0,1.0,1.0,1.0,1.0,1.0,1.0,1.0,1.0,1.0,1.0,1.0,1.0,1.0,1.0,1.0,1.0,1.0,1.0
Avengers: Hồi kết,0.6556641429127106,0.6230024390993,0.7585967560563738,0.6997851850294299,0.7254796408742441,1.0,0.0,0.5524107255801162,0.6786770775381538,0.7213573468335531,0.5993598611116049,0.5151734211153962,0.4677281143926165,0.7394068761947669,0.6549970843231663,0.3054698637441394,0.8015167225920988,0.6698471258935699,1.0,0.6718379147525868,0.6284210862985999,0.7417860166555073,1.0,0.570004852020596,0.49654397913280024,0.8162311095328642,0.5616054118793142,0.5600771467372919,0.594399998694248,0.6421905412449669,0.5738989952523201,0.6713841987300015,0.8483207367004906,0.5528041442561753,0.5286835756829444,1.0,0.6287752536817122,0.5840745230423565,0.7383915206110832,0.5049502706521752,0.40386929374884184,0.6863238932915898,0.6878132211925714,0.5468942505081333,1.0,0.5265628838262797,0.6389029091894476,0.7027090564444481,0.6717000830571391,1.0,0.7454141313726241,0.49640816856181835,0.7738633276497502,0.774069026540441,0.6196003987360259,0.5925241950556935,0.5464476207113244,0.5531950711110571
Avatar: Dòng chảy của nước,0.771247158250389,0.6717343473131266,0.7469321807090534,0.6034313103606824,0.6824551029839021,1.0,0.5524107255801162,1.1102230246251565e-16,0.6419630689757486,0.6596042710470471,0.5346049105636287,0.6426238543003997,0.4826420065186944,0.6784784118002922,0.6112060187716029,0.6028961003129873,0.8338949662791431,0.6617358848429655,1.0,0.6827755679605038,0.6314412606147644,0.7102962825072595,1.0,0.6572924600161644,0.4754344928386557,0.7733327121266609,0.5974337050455564,0.539945901549096,0.5762679030576991,0.6023114594135937,0.6025494981483273,0.6837946641408992,0.8156676690549529,0.5793864099081465,0.5590199589287819,1.0,0.5562485818410081,0.568704092356309,0.6854048618499073,0.4568698805580751,0.571983513167187,0.7787418888564752,0.7717149358732782,0.49353281554409967,1.0,0.5037466277414377,0.5682553334531035,0.7164785612177098,0.7253170809032841,1.0,0.7605933292901843,0.5468093602582085,0.794231344720215,0.8142888716483079,0.6456931099429621,0.5557094966559153,0.5503725810958148,0.504559477592839
Lật mặt 6: Tấm vé định mệnh,0.8437781448274094,0.5834662961310076,0.7777142807190395,0.7082880416518402,0.6894301893314362,1.0,0.6786770775381538,0.6419630689757486,-4.440892098500626e-16,0.7948953311041229,0.630089333748253,0.7665498667931109,0.6596593671392585,0.6970607373837697,0.6599179171306309,0.6589939556734041,0.6996653653984832,0.691000455548999,1.0,0.6569480228813502,0.7139764361501614,0.8458621631184349,1.0,0.6394123926771578,0.6302333319892555,0.8513926342769503,0.6378279931191235,0.6733266837297602,0.6899552435869555,0.6556822333889465,0.5942018928327505,0.8056870562489712,0.9218359302461434,0.6777214366954752,0.7086441475253462,1.0,0.7824290178663224,0.7242099461010647,0.7526994060402359,0.666113623958404,0.7371027066617393,0.6761560686418147,0.6374656889409762,0.6806282224734412,1.0,0.6901405562107557,0.6290196204036724,0.7644946282559646,0.7891032522252768,1.0,0.812126145317067,0.6882909236949876,0.7968885544066029,0.773455991466336,0.6934587686524281,0.6209820427854562,0.7074345863078083,0.6812835774333892
Nhà gia tiên,0.9074358961743322,0.6146256219040099,0.7536240213703865,0.7170869159465854,0.784462013951583,1.0,0.7213573468335531,0.6596042710470471,0.7948953311041229,-2.220446049250313e-16,0.6914786132021004,0.7659944909418569,0.7649829059893222,0.7184196008488124,0.6355671279971943,0.827561153713732,0.747104621531669,0.6621565193457456,1.0,0.7676465143803286,0.7776071101380393,0.7732677422958786,1.0,0.7282624749810287,0.7208922744591464,0.8000293779861141,0.7761033525152979,0.6745473443702916,0.7369095773520061,0.7555325619023462,0.7922971758761219,0.8296272023787203,0.9651034252542716,0.7469720373941744,0.7713373009766609,1.0,0.7790239519283879,0.7963846451683079,0.7767862101353484,0.7738667698167437,0.7456282768493925,0.8311559592929854,0.7671909574492788,0.7475482794522105,1.0,0.7760502692924751,0.6309243773064066,0.741767840488079,0.7599202709152908,1.0,0.7600778039609476,0.712926953742919,0.8134245530097547,0.7792575849018475,0.6993405530441432,0.7324503185888604,0.7317283020915961,0.7217810919159113
Exhuma: Quật mộ trùng ma,0.8169458395641935,0.617799423425992,0.7567665282881176,0.6603880810115097,0.5730349478955099,1.0,0.5993598611116049,0.5346049105636287,0.630089333748253,0.6914786132021004,-2.220446049250313e-16,0.6835625207538243,0.55381510628871,0.6645731775389964,0.6679710019931024,0.6397118755614456,0.728530835676833,0.7049140265908049,1.0,0.6893845110834946,0.6520708209948591,0.7689431991449186,1.0,0.6381284444288573,0.4771739418575739,0.8005667447832118,0.5734045312761277,0.5443709190462647,0.6128234002952533,0.5981802283849444,0.6151866167156592,0.7050198217844281,0.896709413256266,0.5788946423517619,0.5269763315988503,1.0,0.7678945367594742,0.6666227408047867,0.7064709452857671,0.5437541343451051,0.5880464968279533,0.6798392456656931,0.7158819527837781,0.5392334712729854,1.0,0.5849883176733585,0.49996746422292593,0.7076263335253958,0.7875633550025636,1.0,0.8298086785509045,0.5387866180633334,0.7165727982940492,0.7893308816997793,0.5237890749903525,0.6061709310574026,0.5683924921804515,0.5651301319865822
Phù thủy tối thượng trong Đa Vũ trụ hỗn loạn,0.8469417626813214,0.6629610151013495,0.8344578242462916,0.8101587344893654,0.806532665372266,1.0,0.5151734211153962,0.6426238543003997,0.7665498667931109,0.7659944909418569,0.6835625207538243,0.0,0.6436562253308953,0.6935587224706523,0.676342697100486,0.5678329272975503,0.8772899139885102,0.6937319848190429,1.0,0.6526782520719101,0.7316633730612321,0.7990165091234672,1.0,0.6879930550370019,0.6610677672575376,0.8876145278634553,0.6554243318949453,0.6074167665051086,0.6402261198204819,0.7335946892721186,0.6600810006410245,0.7383488287169486,0.9475646130689049,0.690270450093549,0.6262816603657172,1.0,0.6547605609477972,0.6142404475679577,0.8096271958373126,0.4933765666958221,0.5520100781272215,0.8173659267103401,0.7395177693299114,0.4870461414434103,1.0,0.6246255724846392,0.6739457988658624,0.7488148874117787,0.751921904041725,1.0,0.861461656891729,0.6448822749526408,0.7806708886926315,0.8081804102754064,0.7310702447543974,0.6643699976562105,0.6717873634514288,0.6125813312894883
Minions: Sự trỗi dậy của Gru,0.7381586910658458,0.6835593419652847,0.7848300457031231,0.6984072162296597,0.6556872846133832,1.0,0.4677281143926165,0.4826420065186944,0.6596593671392585,0.7649829059893222,0.55381510628871,0.6436562253308953,0.0,0.6910437454535348,0.6383783765310682,0.4794347573147413,0.8005079228242665,0.68336067608076,1.0,0.7472438290835832,0.7316129162611542,0.7904276310547929,1.0,0.6881845921168819,0.5194419258274402,0.849905030785143,0.5415191823739405,0.5685449068314758,0.6086236248876014,0.6369993349661334,0.6819439134423815,0.76412785523855,0.8893505793526228,0.6030054579167803,0.6148635825915453,1.0,0.7114559695048293,0.6095835305097785,0.8048225785716894,0.5062867424485273,0.5844817451392536,0.7077613561462195,0.7587467091569771,0.5516328796477254,1.0,0.6187325426428887,0.6452292747556219,0.7762065765595338,0.7720313898787551,1.0,0.82665908999561,0.5720977591455805,0.7833513267241332,0.7922334183397357,0.6532382240170282,0.5600906947656565,0.4261064887525151,0.5180011279362571
Hai Phượng,0.8581562484734644,0.5917943051578187,0.736812033849163,0.6884793624066289,0.7989617654349226,1.0,0.7394068761947669,0.6784784118002922,0.6970607373837697,0.7184196008488124,0.6645731775389964,0.6935587224706523,0.6910437454535348,-2.220446049250313e-16,0.5068367141018744,0.6842436137148046,0.870305804559907,0.5744026543971847,1.0,0.7321415040204663,0.7464102745342176,0.7528961827298855,1.0,0.667836691102182,0.6888647340784398,0.8689176300743516,0.5417136407857225,0.6871712159487401,0.6423745147050435,0.5332189551710159,0.6722922045702748,0.7792915204855513,0.8703175473613431,0.6629859410657344,0.7226075741978859,1.0,0.7621133308670136,0.7038679361007084,0.7846162877175761,0.7636192730193482,0.7388158576864643,0.7663636949235826,0.6941854177144844,0.6311995423078898,1.0,0.735489755585055,0.6299199677887257,0.7201891747462906,0.8074183582127591,1.0,0.7550621664620334,0.6589512010632124,0.615735514384717,0.8180810582004565,0.6049524444816528,0.6171661633498123,0.7228067954801143,0.6344242334976169
Cua lại vợ bầu,0.8326250888078446,0.49550880396487496,0.6915978772358258,0.5749082213689718,0.7302581737855289,1.0,0.6549970843231663,0.6112060187716029,0.6599179171306309,0.6355671279971943,0.6679710019931024,0.676342697100486,0.6383783765310682,0.5068367141018744,-2.220446049250313e-16,0.6794604924560361,0.8241024806080491,0.43832235082161974,1.0,0.607386299101162,0.6511464569252914,0.7520779389507775,1.0,0.605450318642359,0.6836289283938711,0.8171915766553013,0.5231670201861554,0.6215822966670286,0.6366194135814378,0.649694921233414,0.6351332648731951,0.7437672634479725,0.8750404396658071,0.6273642385313063,0.7099924274261062,1.0,0.7572242129862381,0.6687078824644801,0.8138436320456094,0.7246290191122218,0.669353127911261,0.7164874435230646,0.609255218097121,0.6593904563272152,1.0,0.6974078728907867,0.523014380937254,0.700311299680392,0.7576459448697779,1.0,0.7530196538801536,0.6451173756906193,0.7049970493370994,0.7547607486713493,0.5340376131100742,0.6459903511640527,0.6621567136269959,0.634216712921206
Avengers: Cuộc chiến vô cực,0.6213371918623088,0.6606331999586024,0.8047503983869446,0.748148539873139,0.7503483275131357,1.0,0.3054698637441394,0.6028961003129873,0.6589939556734041,0.827561153713732,0.6397118755614456,0.5678329272975503,0.4794347573147413,0.6842436137148046,0.6794604924560361,3.3306690738754696e-16,0.7939496771585313,0.6878382813719115,1.0,0.6885445033179134,0.5943514763053502,0.7634887829143858,1.0,0.5757543146242066,0.5146483924461627,0.8538857091797355,0.5529398583813684,0.5440373272477046,0.5963389473077948,0.6233342319961424,0.5879545852061783,0.7012352843006048,0.8198047398518878,0.557421059682862,0.5286799502901545,1.0,0.5827542208694096,0.6217927891541304,0.7874190166711059,0.5216537370872822,0.4282557653661686,0.7186563420139156,0.7305759209687105,0.5484362060784,1.0,0.48849395641710536,0.6624032119251977,0.7087828334641326,0.7140319102035713,1.0,0.8164999351092427,0.4849606938958395,0.7848756901158072,0.7928485866349649,0.6973910373591137,0.5419261036488482,0.5546545515999507,0.6325304578514211
Bỗng dưng trúng số,0.817105731511828,0.7728489681487751,0.8293032083584536,0.8282768393885525,0.7112468494827067,1.0,0.8015167225920988,0.8338949662791431,0.6996653653984832,0.747104621531669,0.728530835676833,0.8772899139885102,0.8005079228242665,0.870305804559907,0.8241024806080491,0.7939496771585313,0.0,0.818744307240928,1.0,0.8291050146743169,0.764038762865276,0.8307442776279867,1.0,0.7376618035650724,0.8155641241642142,0.8891346234723135,0.7885314633318197,0.7684402474226145,0.817549883034244,0.8400450170235241,0.8531976677362291,0.9009113396782779,0.9101984431443864,0.7922315990824473,0.8705565991563197,1.0,0.8811784781667027,0.8088739996509648,0.9000933788704704,0.7777692180412193,0.7962360289243239,0.7446511142381427,0.8027541255321579,0.82768207214837,1.0,0.8382156478573013,0.7708204591209474,0.896763099835977,0.8257897681521116,1.0,0.9009269365804456,0.7411362756369506,0.9222901834374784,0.8962842898260135,0.8174068400262295,0.7779430545854438,0.7857847552576744,0.8308002069557362
Mắt biếc,0.776397179520895,0.5000362402168019,0.708322081139019,0.6273301208766562,0.7424051397719966,1.0,0.6698471258935699,0.6617358848429655,0.691000455548999,0.6621565193457456,0.7049140265908049,0.6937319848190429,0.68336067608076,0.5744026543971847,0.43832235082161974,0.6878382813719115,0.818744307240928,3.3306690738754696e-16,1.0,0.6535078813068642,0.7225335758037301,0.7816684958191137,1.0,0.5882855400416258,0.7012504968991824,0.8480325100755363,0.619635129307662,0.6521331470555618,0.7267455660560607,0.7442606637960074,0.5738992277479154,0.8144191273841915,0.8715374651556391,0.6146575548402873,0.7086334160360017,1.0,0.7590318268379224,0.5961624964028491,0.7827580129101259,0.6393864780881522,0.7201007533584362,0.7416078906931793,0.6499460851931085,0.6603138775321814,1.0,0.6378081740818697,0.5252003214761702,0.6812481372718082,0.7684646099876842,1.0,0.7259685278398977,0.6384743182461347,0.6849919061694179,0.7521557801604463,0.595704575307485,0.6871150067419741,0.7039694156350846,0.6028102191211502
Thám tử lừng danh Conan: Dư ảnh của độc nhãn,1.0,1.0,1.0,1.0,1.0,1.0,1.0,1.0,1.0,1.0,1.0,1.0,1.0,1.0,1.0,1.0,1.0,1.0,1.0,1.0,1.0,1.0,1.0,1.0,1.0,1.0,1.0,1.0,1.0,1.0,1.0,1.0,1.0,1.0,1.0,1.0,1.0,1.0,1.0,1.0,1.0,1.0,1.0,1.0,1.0,1.0,1.0,1.0,1.0,1.0,1.0,1.0,1.0,1.0,1.0,1.0,1.0,1.0
Tiệc trăng máu,0.8345900725896533,0.5432499039944394,0.7492853061365996,0.683581630659688,0.6743675181691845,1.0,0.6718379147525868,0.6827755679605038,0.6569480228813502,0.7676465143803286,0.6893845110834946,0.6526782520719101,0.7472438290835832,0.7321415040204663,0.607386299101162,0.6885445033179134,0.8291050146743169,0.6535078813068642,1.0,0.0,0.702462263695381,0.7758632973212701,1.0,0.6390208196266431,0.6724937146703629,0.7952245459610396,0.6302752256830615,0.6466842023312301,0.6917500300628743,0.6739590779316162,0.560529518044216,0.8205744709100182,0.9022891826076351,0.7072935478699154,0.7053565627277552,1.0,0.6885156871380472,0.6639831873536634,0.7928550982807319,0.682732296619247,0.7476269110937181,0.7674280618379952,0.6569792037470745,0.7111498893849691,1.0,0.6701771162404662,0.6244699308059078,0.7487315463369716,0.8397232744753012,1.0,0.7886920914053399,0.6531787060490111,0.7352452033258413,0.7973822526621068,0.6450394621296023,0.6845287553044318,0.6756320747940003,0.6692147467568645
Địa đạo: Mặt trời trong bóng tối,0.5814689463142619,0.6823536307702971,0.7735853850198828,0.737552015288988,0.7647780893829469,1.0,0.6284210862985999,0.6314412606147644,0.7139764361501614,0.7776071101380393,0.6520708209948591,0.7316633730612321,0.7316129162611542,0.7464102745342176,0.6511464569252914,0.5943514763053502,0.764038762865276,0.7225335758037301,1.0,0.702462263695381,-2.220446049250313e-16,0.7952566446607174,1.0,0.684380268609341,0.5483043532775203,0.8793514643940877,0.5874699346927075,0.5471019358569961,0.6053022791189024,0.707459562455713,0.6982230691901121,0.7589928072404305,0.8053102508050141,0.5665371802263495,0.658189839194748,1.0,0.7349398304956674,0.6996185574658207,0.8197317413436856,0.7002418984998469,0.5615348751097687,0.7983207615291241,0.6228330189372306,0.7037439691650572,1.0,0.6417279719149698,0.6355248186397331,0.732248246988517,0.7563967979134671,1.0,0.8268602903986034,0.594536764249849,0.841643743529908,0.7881199868304156,0.689302579407435,0.6490275356013941,0.6566678848146013,0.661745009519292
Mang mẹ đi bỏ,0.9251561183437086,0.6686502777302127,0.7378282948942257,0.7394632628123691,0.7351318530021977,1.0,0.7417860166555073,0.7102962825072595,0.8458621631184349,0.7732677422958786,0.7689431991449186,0.7990165091234672,0.7904276310547929,0.7528961827298855,0.7520779389507775,0.7634887829143858,0.8307442776279867,0.7816684958191137,1.0,0.7758632973212701,0.7952566446607174,-2.220446049250313e-16,1.0,0.8102188614723664,0.80043326436401,0.7741078934902522,0.7536756358967263,0.7219356409658576,0.7843884285600666,0.8292604443422165,0.8316409439559664,0.8679618983439028,0.9446422619445414,0.7266677401265377,0.8296703421197762,1.0,0.8748536222424302,0.849791980303654,0.7742578125044468,0.8300236781276153,0.7215043340944169,0.7547901470384817,0.8458328503990133,0.7756901926345681,1.0,0.7876808358578586,0.7877691372113613,0.7654164476297369,0.7972529047905246,1.0,0.6432941710439186,0.7473890096480502,0.8236621552878558,0.8835262708126788,0.7655043777626092,0.7736726589788089,0.7400944085352562,0.8024609443595887
Em chưa 18,1.0,1.0,1.0,1.0,1.0,1.0,1.0,1.0,1.0,1.0,1.0,1.0,1.0,1.0,1.0,1.0,1.0,1.0,1.0,1.0,1.0,1.0,1.0,1.0,1.0,1.0,1.0,1.0,1.0,1.0,1.0,1.0,1.0,1.0,1.0,1.0,1.0,1.0,1.0,1.0,1.0,1.0,1.0,1.0,1.0,1.0,1.0,1.0,1.0,1.0,1.0,1.0,1.0,1.0,1.0,1.0,1.0,1.0
Doraemon: Nobita và cuộc phiêu lưu vào thế giới trong tranh,0.8396687384151584,0.6172818652837092,0.7579048009193714,0.7125878292168926,0.7441033106907212,1.0,0.570004852020596,0.6572924600161644,0.6394123926771578,0.7282624749810287,0.6381284444288573,0.6879930550370019,0.6881845921168819,0.667836691102182,0.605450318642359,0.5757543146242066,0.7376618035650724,0.5882855400416258,1.0,0.6390208196266431,0.684380268609341,0.8102188614723664,1.0,3.3306690738754696e-16,0.6016998117516381,0.8168252273431988,0.6103176219112976,0.611275690188132,0.6538514698546154,0.671045449153325,0.417241072428183,0.7760414151301914,0.916604579798181,0.6175366787896519,0.6501634551229474,1.0,0.7159930200475131,0.5847634579196801,0.7615806670689845,0.5742077003670336,0.6640645675110509,0.6854151438863749,0.6587833703252967,0.6670768429769947,1.0,0.5889487912518943,0.588245087813271,0.6443477129378867,0.766286731144991,1.0,0.7768698700012087,0.5365552610766788,0.7491237082382687,0.7726526885770284,0.6085684055610965,0.6154010386427782,0.6397677115164508,0.6210541634270332
Kong: Đảo Đầu lâu,0.6499510165350356,0.684434480325998,0.7672618169047377,0.7207887232950688,0.7102146944124275,1.0,0.49654397913280024,0.4754344928386557,0.6302333319892555,0.7208922744591464,0.4771739418575739,0.6610677672575376,0.5194419258274402,0.6888647340784398,0.6836289283938711,0.5146483924461627,0.8155641241642142,0.7012504968991824,1.0,0.6724937146703629,0.5483043532775203,0.80043326436401,1.0,0.6016998117516381,1.1102230246251565e-16,0.8126446524644776,0.5238821937278484,0.4567418096884309,0.5564821811530385,0.6479313829726585,0.5501456229109086,0.7131168937626032,0.7578693547268065,0.5584301465085466,0.47436208659905954,1.0,0.5859348582639952,0.5869843814029216,0.652702860232329,0.5011990994821056,0.5630659227510497,0.6087742626339081,0.7182435951473685,0.5078170165785045,1.0,0.4877265388141927,0.5700798010631141,0.6839793073645197,0.6835507506759699,1.0,0.7252969133815559,0.5002356604460989,0.7761505721012717,0.8008049510942408,0.5736985362799264,0.5248840824726966,0.4689576961710905,0.5213886429113551
Gái già lắm chiêu 3,0.8880090090713469,0.6479783022130361,0.6458685773606483,0.6428527382168612,0.792116697658397,1.0,0.8162311095328642,0.7733327121266609,0.8513926342769503,0.8000293779861141,0.8005667447832118,0.8876145278634553,0.849905030785143,0.8689176300743516,0.8171915766553013,0.8538857091797355,0.8891346234723135,0.8480325100755363,1.0,0.7952245459610396,0.8793514643940877,0.7741078934902522,1.0,0.8168252273431988,0.8126446524644776,0.0,0.8167736724792741,0.7403593292371307,0.8365569032405593,0.8499862032849519,0.880317799822349,0.9192249110711561,0.9483739309156187,0.7984666566854367,0.8325634659753451,1.0,0.8426392781099528,0.8690140683376708,0.5980374890134521,0.8608479384048405,0.8190520397303848,0.7869241558764899,0.8817988213259117,0.9042753564545237,1.0,0.7452327071169526,0.7428397430013634,0.8427952884376388,0.7908048227262232,1.0,0.7650485650042537,0.8263564903336751,0.7637479420429327,0.9004426055639115,0.7434643017218987,0.8361637709977439,0.8651901094482263,0.8215525751130386
Fast & Furious 8,0.7677007419737297,0.6302622035766945,0.7511728437603329,0.6576646535033117,0.681094426265143,1.0,0.5616054118793142,0.5974337050455564,0.6378279931191235,0.7761033525152979,0.5734045312761277,0.6554243318949453,0.5415191823739405,0.5417136407857225,0.5231670201861554,0.5529398583813684,0.7885314633318197,0.619635129307662,1.0,0.6302752256830615,0.5874699346927075,0.7536756358967263,1.0,0.6103176219112976,0.5238821937278484,0.8167736724792741,0.0,0.5516413775243528,0.4890306414327015,0.6390845926544728,0.5502366429627368,0.6372663342054437,0.8885034357611993,0.5823287514969846,0.6134036771106761,1.0,0.7261903267126708,0.6083203689485261,0.7942502606632218,0.6114530089767816,0.5578856163502635,0.6533212022443505,0.7015707205924233,0.5310391616076797,1.0,0.5477696859231125,0.6229146868213957,0.701158046621899,0.7695578114859819,1.0,0.7924173979757716,0.505939216078237,0.732227427860986,0.8092604501122049,0.6393670107264702,0.45640302093424323,0.585706437794645,0.5270816923607236
Aquaman: Đế vương Atlantis,0.7090842898467002,0.5636423435444395,0.6574867877331619,0.6755288965519904,0.6774024350306207,1.0,0.5600771467372919,0.539945901549096,0.6733266837297602,0.6745473443702916,0.5443709190462647,0.6074167665051086,0.5685449068314758,0.6871712159487401,0.6215822966670286,0.5440373272477046,0.7684402474226145,0.6521331470555618,1.0,0.6466842023312301,0.5471019358569961,0.7219356409658576,1.0,0.611275690188132,0.4567418096884309,0.7403593292371307,0.5516413775243528,-1.1102230246251565e-15,0.5626073564358117,0.5826669979230281,0.5351456990252015,0.7336093567408424,0.8087482860798492,0.5271980801646077,0.5131159851115956,1.0,0.664923848295736,0.53655698337517,0.7149772179207357,0.5710187107982414,0.4965737801415445,0.6921221542773464,0.6101814554161327,0.5351997304795683,1.0,0.5119559152262337,0.5437022584608566,0.672431460640158,0.7367425931911853,1.0,0.7496972231009971,0.4728888683630007,0.714239856054421,0.7735744109176713,0.5516843179379747,0.5866940429372561,0.5299577494792731,0.592742203871482
Fast & Furious: Hobbs & Shaw,0.7250997904369335,0.6721151732174249,0.7802492170542034,0.7592652593509936,0.7495569526169575,1.0,0.594399998694248,0.5762679030576991,0.6899552435869555,0.7369095773520061,0.6128234002952533,0.6402261198204819,0.6086236248876014,0.6423745147050435,0.6366194135814378,0.5963389473077948,0.817549883034244,0.7267455660560607,1.0,0.6917500300628743,0.6053022791189024,0.7843884285600666,1.0,0.6538514698546154,0.5564821811530385,0.8365569032405593,0.4890306414327015,0.5626073564358117,-2.220446049250313e-16,0.6246707228482823,0.6723178414459932,0.6309962367157868,0.8978492679723213,0.657380923923858,0.59249032780624,1.0,0.6709046306737083,0.6774060774307711,0.7636630299365803,0.6294483638035699,0.45926197436191996,0.7350014562191354,0.6423382707046152,0.5830890278900167,1.0,0.5889699317052934,0.6259048800276275,0.7773635251551284,0.8221018147156842,1.0,0.7513108634078751,0.5575999962144198,0.7960815355335774,0.8388994270953027,0.6410040384015054,0.4493917031939173,0.5789351245952139,0.6295299283857458
Lật mặt: 48h,0.8347654518286318,0.6214464001733555,0.6875905361860846,0.6272912068091792,0.6555826117656613,1.0,0.6421905412449669,0.6023114594135937,0.6556822333889465,0.7555325619023462,0.5981802283849444,0.7335946892721186,0.6369993349661334,0.5332189551710159,0.649694921233414,0.6233342319961424,0.8400450170235241,0.7442606637960074,1.0,0.6739590779316162,0.707459562455713,0.8292604443422165,1.0,0.671045449153325,0.6479313829726585,0.8499862032849519,0.6390845926544728,0.5826669979230281,0.6246707228482823,-4.440892098500626e-16,0.6921162278039925,0.7483131672510248,0.8878234510282361,0.6113882876652175,0.7055262606881005,1.0,0.7451182226772801,0.7367505663878773,0.779489528053509,0.7056707569850272,0.6806369651858375,0.7338749729020266,0.7572358429656282,0.6540931108185932,1.0,0.6458191167803384,0.6126367290020758,0.8351007619820376,0.8184236237726373,1.0,0.8264248297728962,0.6316057026515296,0.7605603347005552,0.6777949378793218,0.5897594164882269,0.5896232470939844,0.6285488887406798,0.6493404078215415
Doraemon: Nobita và bản giao hưởng Địa Cầu,0.8248543469002136,0.6452965555800647,0.7512242471732707,0.6835527491646951,0.7274666485088859,1.0,0.5738989952523201,0.6025494981483273,0.5942018928327505,0.7922971758761219,0.6151866167156592,0.6600810006410245,0.6819439134423815,0.6722922045702748,0.6351332648731951,0.5879545852061783,0.8531976677362291,0.5738992277479154,1.0,0.560529518044216,0.6982230691901121,0.8316409439559664,1.0,0.417241072428183,0.5501456229109086,0.880317799822349,0.5502366429627368,0.5351456990252015,0.6723178414459932,0.6921162278039925,4.440892098500626e-16,0.7735943883258227,0.9140041953658067,0.5907746212576301,0.5117999143961407,1.0,0.6997971793841093,0.522780816374909,0.7689312989115308,0.5350340832811105,0.615762567678931,0.7022474622682673,0.6815680755500819,0.6001841207911387,1.0,0.5384629961570362,0.5797078216528904,0.6795350638566275,0.7623797840812454,1.0,0.7771083811139503,0.6082159249560426,0.6859623313264607,0.8418467985488005,0.6234424522670918,0.5930609941334999,0.6542932680975411,0.5701528707917365
Fast & Furious 7,0.9099825831518189,0.7899500412062017,0.8504794903949677,0.8308732058195831,0.8466959470103522,1.0,0.6713841987300015,0.6837946641408992,0.8056870562489712,0.8296272023787203,0.7050198217844281,0.7383488287169486,0.76412785523855,0.7792915204855513,0.7437672634479725,0.7012352843006048,0.9009113396782779,0.8144191273841915,1.0,0.8205744709100182,0.7589928072404305,0.8679618983439028,1.0,0.7760414151301914,0.7131168937626032,0.9192249110711561,0.6372663342054437,0.7336093567408424,0.6309962367157868,0.7483131672510248,0.7735943883258227,-2.220446049250313e-16,0.8726073610552949,0.7031606803084218,0.7383357571000599,1.0,0.7158263603564613,0.8097264590540902,0.8524452036770311,0.7073968565015165,0.7025506102754628,0.755720547570407,0.828162693214207,0.6925774012820967,1.0,0.7536712288760944,0.763221745979119,0.8033686840771344,0.8084336040176963,1.0,0.9004327474030921,0.7367592549226541,0.8439580891154823,0.8735725026218734,0.8009542612451502,0.6751836188371692,0.7637821463013023,0.7534318902763921
Godzilla x Kong: Đế chế mới,0.8370506908616852,0.8179528457396539,0.8707399355820223,0.8569337383864619,0.9137173129426185,1.0,0.8483207367004906,0.8156676690549529,0.9218359302461434,0.9651034252542716,0.896709413256266,0.9475646130689049,0.8893505793526228,0.8703175473613431,0.8750404396658071,0.8198047398518878,0.9101984431443864,0.8715374651556391,1.0,0.9022891826076351,0.8053102508050141,0.9446422619445414,1.0,0.916604579798181,0.7578693547268065,0.9483739309156187,0.8885034357611993,0.8087482860798492,0.8978492679723213,0.8878234510282361,0.9140041953658067,0.8726073610552949,-2.220446049250313e-16,0.8354647861745967,0.9080172446020081,1.0,0.8443435122105357,0.7860462944625604,0.950023688147955,0.8494641189460584,0.8444516947872593,0.8932192290513248,0.9071484388338914,0.8409669911964452,1.0,0.8564074376166091,0.8558352346295754,0.8798038280189113,0.7873321235728139,1.0,0.967439577410603,0.8282205572870435,0.8909123727897289,0.8933490198784648,0.9132836546931544,0.9063545595420249,0.8883401972501115,0.7690115831421502
Đất rừng phương Nam,0.7022920980721079,0.6101231750944554,0.7664323903418082,0.6789003950617309,0.6665531061649219,1.0,0.5528041442561753,0.5793864099081465,0.6777214366954752,0.7469720373941744,0.5788946423517619,0.690270450093549,0.6030054579167803,0.6629859410657344,0.6273642385313063,0.557421059682862,0.7922315990824473,0.6146575548402873,1.0,0.7072935478699154,0.5665371802263495,0.7266677401265377,1.0,0.6175366787896519,0.5584301465085466,0.7984666566854367,0.5823287514969846,0.5271980801646077,0.657380923923858,0.6113882876652175,0.5907746212576301,0.7031606803084218,0.8354647861745967,0.0,0.6457812052567374,1.0,0.7124386338952562,0.5581714989689379,0.7217555653175387,0.5934761452340722,0.6666295073288877,0.6134911640938979,0.6400237502397076,0.6671005852179352,1.0,0.5435886552271959,0.5022370433243152,0.6835713489762514,0.667006979731209,1.0,0.8072645247900647,0.571575722998591,0.7188392834938488,0.6498300317776711,0.5358016195790061,0.6032199185840552,0.584573914898386,0.5228844412998388
Godzilla đại chiến Kong,0.7260578360843033,0.7106212518246959,0.7669562789349578,0.7872887598101881,0.7836229237354475,1.0,0.5286835756829444,0.5590199589287819,0.7086441475253462,0.7713373009766609,0.5269763315988503,0.6262816603657172,0.6148635825915453,0.7226075741978859,0.7099924274261062,0.5286799502901545,0.8705565991563197,0.7086334160360017,1.0,0.7053565627277552,0.658189839194748,0.8296703421197762,1.0,0.6501634551229474,0.47436208659905954,0.8325634659753451,0.6134036771106761,0.5131159851115956,0.59249032780624,0.7055262606881005,0.5117999143961407,0.7383357571000599,0.9080172446020081,0.6457812052567374,-2.220446049250313e-16,1.0,0.6948041575649568,0.6826159634106644,0.7834526618124169,0.5544637220630035,0.5290129983281466,0.7397380427117133,0.7613284841022377,0.5101457668936261,1.0,0.5078063688579176,0.6441947437400762,0.7403711280639469,0.7564981360375659,1.0,0.7922976906910434,0.6109227254814081,0.7927735031917926,0.8326068295243378,0.6825475561595407,0.6225954010881366,0.6177436316797333,0.5823015445018191
Kẻ trộm Mặt Trăng 4,1.0,1.0,1.0,1.0,1.0,1.0,1.0,1.0,1.0,1.0,1.0,1.0,1.0,1.0,1.0,1.0,1.0,1.0,1.0,1.0,1.0,1.0,1.0,1.0,1.0,1.0,1.0,1.0,1.0,1.0,1.0,1.0,1.0,1.0,1.0,1.0,1.0,1.0,1.0,1.0,1.0,1.0,1.0,1.0,1.0,1.0,1.0,1.0,1.0,1.0,1.0,1.0,1.0,1.0,1.0,1.0,1.0,1.0
Thanh gươm diệt quỷ: Vô hạn thành,0.6728078402170541,0.7429414673409347,0.8323765858237524,0.7814792748796674,0.8387156775928681,1.0,0.6287752536817122,0.5562485818410081,0.7824290178663224,0.7790239519283879,0.7678945367594742,0.6547605609477972,0.7114559695048293,0.7621133308670136,0.7572242129862381,0.5827542208694096,0.8811784781667027,0.7590318268379224,1.0,0.6885156871380472,0.7349398304956674,0.8748536222424302,1.0,0.7159930200475131,0.5859348582639952,0.8426392781099528,0.7261903267126708,0.664923848295736,0.6709046306737083,0.7451182226772801,0.6997971793841093,0.7158263603564613,0.8443435122105357,0.7124386338952562,0.6948041575649568,1.0,-2.220446049250313e-16,0.5938782959069735,0.7667308844315879,0.6649083164022864,0.6933707476319919,0.7904122241328689,0.7719159763827894,0.6935767731913074,1.0,0.6578567234758972,0.6946266723795553,0.7524798666059094,0.6835518577129807,1.0,0.7640730199553865,0.6841356310164888,0.7956083175899265,0.9018962050816041,0.7618283497589777,0.7243716051497278,0.7003767424973586,0.6494850272032062
Kung Fu Panda 4,0.6901955849635811,0.676865563604912,0.7916701316443074,0.7454622683220324,0.7572403389806615,1.0,0.5840745230423565,0.568704092356309,0.7242099461010647,0.7963846451683079,0.6666227408047867,0.6142404475679577,0.6095835305097785,0.7038679361007084,0.6687078824644801,0.6217927891541304,0.8088739996509648,0.5961624964028491,1.0,0.6639831873536634,0.6996185574658207,0.849791980303654,1.0,0.5847634579196801,0.5869843814029216,0.8690140683376708,0.6083203689485261,0.53655698337517,0.6774060774307711,0.7367505663878773,0.522780816374909,0.8097264590540902,0.7860462944625604,0.5581714989689379,0.6826159634106644,1.0,0.5938782959069735,-2.220446049250313e-16,0.7867124406023285,0.4689425829379614,0.620572732627169,0.7638142226376725,0.6562377704496375,0.5675355209449111,1.0,0.5714119846011501,0.550837336167985,0.6748330639169262,0.747693989742355,1.0,0.8601983884343712,0.5958985335139924,0.6948829694357331,0.8071980805422171,0.6624517384205583,0.6874828016186303,0.6775952687765708,0.5223960806314054
Ma da,0.9244902329321919,0.6272007382974851,0.5063920641836899,0.5709086015668655,0.7148555795869271,1.0,0.7383915206110832,0.6854048618499073,0.7526994060402359,0.7767862101353484,0.7064709452857671,0.8096271958373126,0.8048225785716894,0.7846162877175761,0.8138436320456094,0.7874190166711059,0.9000933788704704,0.7827580129101259,1.0,0.7928550982807319,0.8197317413436856,0.7742578125044468,1.0,0.7615806670689845,0.652702860232329,0.5980374890134521,0.7942502606632218,0.7149772179207357,0.7636630299365803,0.779489528053509,0.7689312989115308,0.8524452036770311,0.950023688147955,0.7217555653175387,0.7834526618124169,1.0,0.7667308844315879,0.7867124406023285,-4.440892098500626e-16,0.7193033193943712,0.8107385398502682,0.6690596356271864,0.7936853170066939,0.8016734446586659,1.0,0.7617885337417295,0.5944634928207627,0.7449579246024476,0.8094791710081459,1.0,0.6618352795855567,0.7517174004569713,0.5978879213694911,0.8897118465295433,0.7038852084326803,0.7456005345436154,0.776068617742707,0.7540204920229399
Người Nhện: Không còn nhà,0.747124207530709,0.7034647852717377,0.8066238571251263,0.7322780732802414,0.7096641544314746,1.0,0.5049502706521752,0.4568698805580751,0.666113623958404,0.7738667698167437,0.5437541343451051,0.4933765666958221,0.5062867424485273,0.7636192730193482,0.7246290191122218,0.5216537370872822,0.7777692180412193,0.6393864780881522,1.0,0.682732296619247,0.7002418984998469,0.8300236781276153,1.0,0.5742077003670336,0.5011990994821056,0.8608479384048405,0.6114530089767816,0.5710187107982414,0.6294483638035699,0.7056707569850272,0.5350340832811105,0.7073968565015165,0.8494641189460584,0.5934761452340722,0.5544637220630035,1.0,0.6649083164022864,0.4689425829379614,0.7193033193943712,0.0,0.553089600843276,0.7378544999707843,0.7097176404438191,0.45683169537935353,1.0,0.47368501022976595,0.5931683918511858,0.6946522211260753,0.7304181864217625,1.0,0.8729775395472412,0.5327641968283171,0.8082455451720684,0.813646449789188,0.6403495614069543,0.643364658288611,0.5626508050834713,0.4922507190026473
