,Mưa đỏ,Mai,Lật mặt 7: Một điều ước,Nhà bà Nữ,Bố già,Bộ tứ báo thủ,Avengers: Hồi kết,Avatar: Dòng chảy của nước,Lật mặt 6: Tấm vé định mệnh,Nhà gia tiên,Tử chiến trên không,Exhuma: Quật mộ trùng ma,Phù thủy tối thượng trong Đa Vũ trụ hỗn loạn,Minions: Sự trỗi dậy của Gru,Hai Phượng,Cua lại vợ bầu,Avengers: Cuộc chiến vô cực,Bỗng dưng trúng số,Mắt biếc,Thám tử lừng danh Conan: Dư ảnh của độc nhãn,Tiệc trăng máu,Địa đạo: Mặt trời trong bóng tối,Mang mẹ đi bỏ,Em chưa 18,Doraemon: Nobita và cuộc phiêu lưu vào thế giới trong tranh,Kong: Đảo Đầu lâu,Gái già lắm chiêu 3,Fast & Furious 8,Aquaman: Đế vương Atlantis,Fast & Furious: Hobbs & Shaw,Lật mặt: 48h,Doraemon: Nobita và bản giao hưởng Địa Cầu,Fast & Furious 7,Godzilla x Kong: Đế chế mới,Đất rừng phương Nam,Godzilla đại chiến Kong,Kẻ trộm Mặt Trăng 4,Thanh gươm diệt quỷ: Vô hạn thành,Kung Fu Panda 4,Ma da,Người Nhện: Không còn nhà,Avengers: Đế chế Ultron,Siêu lừa gặp siêu lầy,Chị chị em em 2,Thor: Tình yêu và sấm sét,Thám tử lừng danh Conan: Ngôi sao 5 cánh 1 triệu đô,Người Nhện xa nhà,Cám,Đèn âm hồn,Mỹ nhân ngư,Thế Giới Khủng Long,Gặp lại chị bầu,Black Panther: Chiến binh Báo Đen,Em là bà nội của anh,Để Mai tính 2,Em và Trịnh,Fast & Furious X,Tee Yod: Quỷ ăn tạng 2,Minions,Kung Fu Panda 3,Frozen II,Doctor Strange,Cô Gái Từ Quá Khứ,Nghề siêu dễ,Mười: Lời nguyền trở lại,Chuyện Ma Gần Nhà,Gái Già Lắm Chiêu 5 - Những Cuộc Đời Vương Giả,Thanh Gươm Diệt Quỷ: Vô Hạn Thành,Pil Gam Sung,Zombie Cưng Của Ba,Qủy Nhập Tràng,Nụ Hôn Bạc Tỷ,Red One: Mật Mã Đỏ,Venom: Kèo Cuối ,Cô Dâu Hào Môn
Mưa đỏ,2.220446049250313e-16,0.9692079647800841,0.9026487379015912,0.9291604710212719,0.9629433937496275,0.9739860800596483,0.9165952490075087,0.8801286054427808,0.9788472473139554,0.9286478905972807,0.8880794759525202,0.8934380913730708,0.9762589464452229,0.8935002872536224,0.960836081119216,0.9280949850083895,0.9339026606021406,0.9873613216177768,0.9368786467227206,0.9419996225069498,0.9607979142302188,0.7398487823530496,0.9137112592860143,0.9441053153119185,0.9259301956137469,0.8386070009314288,0.9642355078432829,0.9652819421630544,0.9476325361249279,0.9608923502437583,0.9603227253182652,0.8708695818598189,1.0,0.9163449628540974,0.7617887263489984,0.9293163951712957,0.8865067653333315,0.8213917048954175,0.8100805129118844,0.9715733185647712,0.9422891216039577,0.949606725531377,0.9186879742807813,0.8911144904374666,0.8838488714260709,0.9651441075927751,0.8764620039925465,0.9014611244385278,0.9464450850071595,0.8212416572691965,0.9113948136509088,0.9682520686285235,0.9435451880819623,0.8995296192204574,0.9281371782678646,0.8225922255081012,0.9122680267073202,0.9120589242595851,0.9071424210967727,0.9396329571102617,0.9513948035392285,0.9777317040542371,0.9922352253375308,0.992206194544759,0.9787638690234951,0.8841086940424399,0.988518654501417,0.8213917048954175,0.9752605875151669,0.8379150762214446,0.9877971425594898,0.9870057641670678,0.9449359828279407,0.8146118772853452,0.8918138243291188
Mai,0.9692079647800841,-6.661338147750939e-16,0.8740849298008255,0.8604516130911344,0.8592077527686878,0.9808684582122986,0.9535876971205869,0.9399258444751067,0.9011562236117349,0.9236870034445013,0.9655152867763647,0.9314634073758838,0.9865112213896138,0.9854677649311712,0.6635597418183308,0.8983426115644114,0.9856140050858649,0.9437997469138932,0.899704419766743,0.9610779926753396,0.9090085003342621,0.9392308859484764,0.9282195778574772,1.0,0.9165728322628877,0.9485273318373268,0.5290042453967776,0.9474873034868166,0.9410547050792547,0.9636512776076235,0.9074279134553969,0.9451501144635842,0.9780231552817895,0.9666760670353312,0.9226795874206535,0.9546239395628849,0.9472073669705747,0.9493835715544832,0.9374794672806764,0.948196916937704,0.97032126949675,0.9798107686962167,0.9408782137717419,0.8113092958178387,0.9635682099171412,0.9501134987672916,0.9478507559618174,0.9141923785014253,0.957387033389095,0.9575714890573279,0.9500428794240078,0.8810876882264226,0.9369434390674268,0.9301005590296995,0.9610516137151206,0.5703395465647059,0.9417754423317759,0.9707240554435567,0.9454250581201529,0.9873534897159981,0.9647157553334917,0.9841132539900151,0.9797515906349908,0.974778886532296,0.9765016041158395,0.9901580480744216,0.9318691266581977,0.9493835715544832,0.9840005064823334,0.9325825479907859,0.9883313828731201,0.8965765149778155,0.9586807222562298,0.9851932721830952,0.912609294630379
Lật mặt 7: Một điều ước,0.9026487379015912,0.8740849298008255,0.0,0.6393882493805823,0.8046543741896164,0.912098526836606,0.9495429669348844,0.89048255999096,0.8753903775615036,0.7709441183081464,0.9245475765540399,0.8743061471077039,0.976136286575631,0.9565687574310656,0.8512284782431329,0.780605176946644,0.9578262508414617,0.846344158620089,0.747627403431547,0.9468980484270769,0.794068426412303,0.8241650156941693,0.7851641374862814,0.9935620178206128,0.7987918755739195,0.8333430533069353,0.826176247741415,0.9194813933289161,0.8859620238973147,0.9117158301679998,0.7866471599491762,0.8424103262474172,0.9647210345962624,0.7618834657815495,0.8323937858218758,0.8959040833504183,0.8737590823404819,0.9441307944548267,0.916950613589275,0.9176394583854585,0.9298451456019474,0.8800141388886056,0.9857121967175854,0.7441594192909686,0.9238466792261194,0.9696738508281835,0.921752444243682,0.8386645064420833,0.8140185297439236,0.9553822550875746,0.8529940924843353,0.9305697953529207,0.9295984916659885,0.7862397966813004,0.9326945484349755,0.8334767316903252,0.8623509883226927,0.9623442117865776,0.8560493028390047,0.9594738583065039,0.9697465797328972,0.9474941974694919,0.9077658141606882,0.9495515347726948,0.9829938865866596,0.9760108068532479,0.937532252965193,0.9441307944548267,0.9881021325641212,0.9173163238192645,0.9429547516884711,0.8023799288466534,0.9158770360240807,0.9745726473393883,0.8506912878242525
Nhà bà Nữ,0.9291604710212719,0.8604516130911344,0.6393882493805823,0.0,0.8404548463222259,0.7546698524354811,0.9369053209058665,0.7731747241630584,0.9113862985002784,0.804549192960922,0.9308205128013644,0.8526432587898609,0.959525706574261,0.9265604904059076,0.8156344358024442,0.6744011655978468,0.9693606187262533,0.9022335323455518,0.7477496109298307,0.9666935315533847,0.7924555550189464,0.8506686835639139,0.7640507048451018,0.8953213473255841,0.8436531366186046,0.8828144835271733,0.8128655438677463,0.8395899202697253,0.8562718487583221,0.920060466424312,0.8291964024384597,0.8758790094657548,0.9496626909920665,0.856167531416939,0.7535534117297026,0.8970945082550335,0.8121772225150046,0.9385136054906463,0.9016985224169095,0.8890905480601288,0.9293886538409664,0.9388967536085588,0.9318317845477248,0.7735590686345265,0.9022170970842047,0.9527795117524099,0.9269303918255394,0.7796140925285078,0.8561939962195098,0.9357577595829972,0.8368500764944661,0.9356898434167084,0.8811109860144544,0.7850470962783617,0.920056472394698,0.735934986210488,0.8854898037047378,0.9357927357839319,0.8596835773997457,0.9647894462070283,0.9046016802595342,0.9697812040233158,0.9337711722998725,0.970932314445599,0.938219997125634,0.9583436973343382,0.8855024895718274,0.9385136054906463,0.9721334222653207,0.8766089979352576,0.9804868083537108,0.7840614161758751,0.8812785207163601,0.9364434561372599,0.6755160762221513
Bố già,0.9629433937496275,0.8592077527686878,0.8046543741896164,0.8404548463222259,0.0,0.8931710886858495,0.946720771450767,0.7968790681369342,0.7091357185601096,0.9113548674183944,0.9646106346434102,0.7678329967359083,0.95874139255443,0.8797889272176247,0.9045790848991051,0.8583513947783266,0.9736109261705678,0.9141685231669897,0.8271826027889454,0.8521931345473416,0.6994199433458597,0.9233070134938495,0.9344859819760593,0.9915943135974294,0.8865781311916239,0.8795835787621227,0.8134074550657374,0.894432901347359,0.8743938961169456,0.9327136545643779,0.7669320567063704,0.8911069767725073,0.9734970474102762,0.9666898806044995,0.8603219051876155,0.8873766985321341,0.903269850632864,0.9480833516481252,0.9460945975453077,0.9444551630835444,0.8589416869301537,0.9148769851443427,0.8354432494054435,0.6647261684866552,0.8894505284970897,0.9055335869570009,0.9103451418696585,0.9141845650016444,0.9495399718362071,0.920545679204792,0.8827926987538504,0.9320454192221808,0.8736797066999619,0.8775036512239853,0.9313857599283046,0.7986346192162417,0.8855372011116075,0.9112919735190708,0.8586419390739565,1.0,0.9443471430182225,0.9162940502872964,0.988876740836561,0.9412443141620355,0.9808920148031223,0.9722167609327449,0.8548748606758187,0.9480833516481252,0.9228321259634517,0.9521141398744313,0.9607459810044172,0.7372185508566362,0.8356981130028462,0.9512418754417176,0.7649826965092793
Bộ tứ báo thủ,0.9739860800596483,0.9808684582122986,0.912098526836606,0.7546698524354811,0.8931710886858495,-2.220446049250313e-16,0.9716239709136684,0.8632023955663578,0.9905567853317435,0.9585377830791024,0.9740648192789353,0.9143399292560564,0.9718680913223238,0.9779317356990558,0.948859576495004,0.9043468233184936,0.9930798768722906,0.9465557251039792,0.927809082863355,1.0,0.9764088996353957,0.9700842928634671,1.0,0.9070566521904968,0.9486065306442618,0.9721561466412477,0.841744498812565,0.9904105110032563,0.9273133450011666,0.9782001561780411,0.8982105574271022,0.9905686893429626,0.9402798391065555,1.0,0.9854249805893852,0.9914399379659696,0.7861197495021552,0.9503028447864104,0.959124561093911,0.9106933476452694,0.9795893003393136,0.9676634320501325,0.9285889643270354,0.9677296820723821,0.9814944268388213,1.0,0.9674088507040826,0.765963485340417,0.9589740328913811,0.8686012349542609,0.9685807191356302,1.0,0.9470185704291596,0.9112960194397035,0.9063537800722634,0.9536731348113452,0.9690104631087836,0.9804324471986423,0.9323046218580947,1.0,0.8735313051073055,1.0,0.9014969590134482,1.0,1.0,0.9623652264362801,0.7965215699301451,0.9503028447864104,0.8835099719610656,1.0,1.0,0.7712657210014402,0.9227324530290143,1.0,0.7539098633490587
Avengers: Hồi kết,0.9165952490075087,0.9535876971205869,0.9495429669348844,0.9369053209058665,0.946720771450767,0.9716239709136684,0.0,0.8801000346253485,0.9398559385735754,0.8975794706997817,0.9189748836866314,0.91790433359533,0.8564459986917276,0.3312215943321827,0.9584335443054354,0.9549925261543861,0.22333276225909215,0.9863207136390584,0.9422906753937055,0.8915085063267116,0.9439274900176171,0.8546358630216332,0.9727423297232173,0.9899423354177511,0.7777761455614496,0.8657958735992713,0.914518444133829,0.9395061673873201,0.8843384678383205,0.8600903170827212,0.9367708989394086,0.8850290696836549,0.9523526239883607,0.993357234772797,0.8652054077973494,0.8499252188577409,0.875001734664802,0.8871372885336533,0.9052363410736306,0.9054709525876736,0.8492467723307926,0.4052697791353028,0.9398540322223459,0.9208017679375687,0.8616284148919555,0.9810414258171307,0.7196524918215446,0.9330313564781516,0.9804074709717768,0.9563511119187368,0.9011831562236103,0.8946191255033611,0.7989986267213735,0.8882795186798799,0.950864313765442,0.9465826973608809,0.9077812214607061,0.9595946096930532,0.8833400209449648,0.9875227984199383,0.887561972646705,0.8784150251365038,0.987085085914784,0.9740628195994374,0.9598933096271729,0.9693679994624402,0.8873281746197913,0.8871372885336533,0.858804560129522,0.9685718128038409,0.8967756285946877,0.9707419480511902,0.9235063126938375,0.8427605033597849,0.9583312858578598
Avatar: Dòng chảy của nước,0.8801286054427808,0.9399258444751067,0.89048255999096,0.7731747241630584,0.7968790681369342,0.8632023955663578,0.8801000346253485,-2.220446049250313e-16,0.9312719227910379,0.8369404843240793,0.8982694269979741,0.8111796576642967,0.9179046699494793,0.8256588221334961,0.8259398904808783,0.8619676219226031,0.8953166387098289,0.9470327437163784,0.8864703087389764,0.8335668075233186,0.887509360120737,0.8056101374592692,0.8701728922099212,0.9826516762444673,0.8473366974860278,0.7095436307357965,0.9366959062038531,0.8442271413976026,0.6213286726062069,0.7795153507800053,0.8589548037841894,0.8911338514249927,0.9239551675501123,0.7855925118203433,0.8259493559541699,0.7596528693914288,0.696545434024495,0.8209714859162305,0.876977115258484,0.8761974551628449,0.8325934868723144,0.8078062334046348,0.9485782927326329,0.8970509743841181,0.7402375728669381,0.8560469203897294,0.7810476926119713,0.8367788609318296,0.921154394821559,0.8202695177542424,0.7399368444816239,0.9203526649616873,0.7803325068450069,0.8766459348529598,0.9431703326151638,0.9094305556367248,0.7537728092330733,0.8650500184899756,0.7834898402559445,0.9726304502389314,0.9519118877821575,0.9003808841032699,0.9835508877810706,0.9507754268440254,0.9584078393802705,0.9964295758849216,0.8041566245331779,0.8209714859162305,0.8771971754762798,0.8681381066128755,0.9382821234894204,0.9477433179913213,0.7712014267950178,0.8052029127011633,0.8215524731599221
Lật mặt 6: Tấm vé định mệnh,0.9788472473139554,0.9011562236117349,0.8753903775615036,0.9113862985002784,0.7091357185601096,0.9905567853317435,0.9398559385735754,0.9312719227910379,0.0,0.9147853275812373,0.9637467770360227,0.8885796771740451,0.9811608799195999,0.9297039743461307,0.9303386860713934,0.8632076468479961,0.9445591337213082,0.8768001422586037,0.9407684734843518,0.9347146619852847,0.8951939192614223,0.9421607022030299,0.9840274478212224,0.9808298038475783,0.928510116941011,0.9165801367515595,0.9150521879728234,0.9056124267425394,0.9524052362621861,0.9120316551904241,0.8477753246719548,0.7643493038282584,0.9832336729448043,0.9662365323192508,0.9105610184844021,0.9170641717639965,0.9770570473127367,0.9408163490649593,0.9606376776090799,0.9507035806794424,0.9281951410004861,0.9324039142370534,0.8844364830350153,0.6947014639675324,0.9364806260252156,0.9668093071799206,0.8729729670631936,0.9239781408207519,0.9340438886031759,0.9701884385119761,0.908394130070306,0.9574364203980391,0.9490331090470349,0.9445770724676088,0.9567155537280937,0.9133814227570353,0.8937009761729114,0.9585893207717329,0.9265405502179721,0.9816526645794261,0.9878706173795943,0.9595092963757522,0.9887253540940444,0.9565950221611728,0.9587065535970019,0.9594355634446874,0.8968927942196441,0.9408163490649593,0.9649711544432218,0.9655929103697427,0.9677863780179521,0.7711494863056398,0.9336887507844486,0.9562577486025526,0.9778259457545704
Nhà gia tiên,0.9286478905972807,0.9236870034445013,0.7709441183081464,0.804549192960922,0.9113548674183944,0.9585377830791024,0.8975794706997817,0.8369404843240793,0.9147853275812373,0.0,0.9709602573559339,0.928399521518523,0.9755471965300361,0.9636240131311614,0.8915984941868407,0.9292224887907324,0.94909114051957,0.9283810066848402,0.8165414691562232,0.9272305202952684,0.8772634319831343,0.9323650589011312,0.8234487365371871,0.7920341127250758,0.8476928116544914,0.8614590401976675,0.9411286417224246,0.9488797915663392,0.8966659234788578,0.9264509945273742,0.9347962356096406,0.9126202481187781,0.9891613898395543,0.9385399659345287,0.8952332355413269,0.9223504980721661,0.9198902949366159,0.9666305930673501,0.9009441972144541,0.7966449445624931,0.9572895114026173,0.8948422682407229,0.9867167212562844,0.8452727213525965,0.9136457327118889,0.9366003834913441,0.9667487746467213,0.8742426424394256,0.9131473580982903,0.9059399756642353,0.9034688438661254,0.9079950597074657,0.8903536500773505,0.852566377321904,0.9606103527747306,0.9010571882419871,0.9240627631471047,0.9529653331331713,0.9225951752926813,0.8821605998811394,0.8721183684076119,0.8781707233071043,0.9110294279144109,0.9786266121698964,0.870829551012732,0.9321053799586684,0.7976978942795087,0.9666305930673501,0.9237166666786559,0.8321794506319974,0.8663258599749802,0.784734482313872,0.9112210584262064,0.9457694519411318,0.92849388603181
Tử chiến trên không,0.8880794759525202,0.9655152867763647,0.9245475765540399,0.9308205128013644,0.9646106346434102,0.9740648192789353,0.9189748836866314,0.8982694269979741,0.9637467770360227,0.9709602573559339,-2.220446049250313e-16,0.96190352975694,0.9721337275627535,0.9558263179368702,0.9407695140687176,0.9777072008365777,0.9690071860180204,0.9045225079809529,0.9495648943556769,0.9239055429399042,0.9611558631218223,0.9269904437200229,1.0,1.0,0.7969657508880257,0.8876386318528704,0.9755073801449105,0.8815777218072198,0.9535771671044415,0.9048672862882831,0.9380067578662473,0.9832156734953499,0.9523122621748539,0.9536354055884377,0.8872191952736179,0.9317309593251961,0.9169724890083453,0.897369918173121,0.9378148123187914,0.9845896175355335,0.9331397720037413,0.9343919227932054,1.0,0.9505603390350293,0.9531155932568706,0.9881837236054946,0.8650713574543689,0.9233967739174972,0.9790709200283592,0.9576793930476366,0.824454827271193,0.9656296153814286,0.9332468473887541,0.9747690917789205,0.9754754511393522,0.9613837739111701,0.8548190834457723,0.9635429780398893,0.965839954119202,1.0,1.0,0.9768776977317838,0.9845174556859376,0.904289160458744,0.978882708582428,1.0,0.9777250837322581,0.897369918173121,0.9521528251526395,1.0,1.0,0.9676127381578814,0.9407071827850437,0.9402229282369814,0.9722262730987717
Exhuma: Quật mộ trùng ma,0.8934380913730708,0.9314634073758838,0.8743061471077039,0.8526432587898609,0.7678329967359083,0.9143399292560564,0.91790433359533,0.8111796576642967,0.8885796771740451,0.928399521518523,0.96190352975694,0.0,0.8608606439059432,0.8685980153706199,0.8838554764979054,0.8649661162805536,0.9205043049788636,0.9340495750347754,0.9154234428781433,0.8107691116243767,0.8795074806723353,0.8638293069862863,0.9575021856720921,0.950174670979297,0.7405055577711868,0.7807903420723603,0.9275422067613864,0.8733481824594855,0.8472400670231012,0.8661266250643054,0.9076368430353905,0.8979365226673446,0.9622546724671837,0.9501751919249339,0.842680665478594,0.8347502995897196,0.8408860744829032,0.5888088306304453,0.9170190562960918,0.869221815631121,0.8981665931842562,0.9076750074672493,0.916197790610467,0.8184984063295219,0.8114134330762603,0.8143824518980635,0.8262049678768483,0.829091830129029,0.9657174791551018,0.8992549960084714,0.8714024020471466,0.9850240584097408,0.829050052060629,0.8576660161405301,0.9347620441389027,0.8407929951034443,0.8234542242332474,0.4065109416437749,0.8028547681943508,0.94421858569529,0.9275544819032149,0.9588941673503935,0.9387043781141344,0.9282453069664596,0.8983608242169333,0.9002040580149173,0.9152862757011779,0.5888088306304453,0.9339249801875711,0.9100436540224209,0.789865505264012,0.8511207767873049,0.9059945013755689,0.8375303261658513,0.8947812118383226
Phù thủy tối thượng trong Đa Vũ trụ hỗn loạn,0.9762589464452229,0.9865112213896138,0.976136286575631,0.959525706574261,0.95874139255443,0.9718680913223238,0.8564459986917276,0.9179046699494793,0.9811608799195999,0.9755471965300361,0.9721337275627535,0.8608606439059432,1.1102230246251565e-16,0.9402941547929796,0.96384476849455,0.9649307015061632,0.7653931779303589,0.982244387976791,0.9775784961611991,0.9084127435190841,0.979037946063908,0.9598353543783392,0.9568959534642364,1.0,0.9228590080069226,0.9112606926221347,0.9795840045428783,0.9560648143026427,0.9201593146130225,0.9156494403431368,0.9744589448904823,0.894265061094726,0.9755536236240588,1.0,0.937168866552837,0.893382698482229,0.9382248505863462,0.8251502866480085,0.8953994956258642,0.9533940711957308,0.31335685589868734,0.9221573989046489,0.9888673400416291,0.9621136183047091,0.8859642768851484,0.9618319741621563,0.8740433454081733,0.9454084605745042,0.982808493793638,0.9783343473718684,0.9316151972662109,0.9697316696867075,0.9194111796424661,0.9754086632344832,0.9831842961122677,0.9665362304411884,0.9467359455118541,0.8538906914116017,0.9366442464271992,0.9051582575337962,0.942625668888867,0.4588388212739658,1.0,0.9883400173472748,0.967800708012005,0.9958527972197437,0.9854050187266293,0.8251502866480085,0.895257184720916,0.9866923192609602,0.9052570808229637,0.9849705715056893,0.9145727638346207,0.9471384728762148,0.9861972948476769
Minions: Sự trỗi dậy của Gru,0.8935002872536224,0.9854677649311712,0.9565687574310656,0.9265604904059076,0.8797889272176247,0.9779317356990558,0.3312215943321827,0.8256588221334961,0.9297039743461307,0.9636240131311614,0.9558263179368702,0.8685980153706199,0.9402941547929796,-2.220446049250313e-16,0.9120898334022302,0.9543810365561525,0.23403107117009958,0.9770420017023305,0.9656725414149497,0.8100566398145335,0.9353426584059414,0.9429724197542159,0.9821326551415209,0.9941910007829751,0.8198323428299064,0.8479571407482259,0.9624479913359273,0.8825177062262681,0.8696004826945262,0.9178957226552017,0.9548912158611949,0.9452702689104034,0.9494533954627138,1.0,0.873709517577778,0.9215337822670198,0.9246039783757776,0.8984596827975596,0.851712620606897,0.9628852360894997,0.8895721324063244,0.5663523873346079,0.9468252076053192,0.9252500739024982,0.8548341613091172,0.9110105565517951,0.8951455290631309,0.8864460165522986,0.9666384792515924,0.9571078834026886,0.9272552358475994,0.9753465263445175,0.8954858620723928,0.889046951419482,0.9640271844743367,0.9432003896997303,0.8818798722708263,0.893436398219412,0.7867546515119135,0.9676524585375755,0.9884384931275467,0.9752946814110559,1.0,0.9757302955442942,0.9804741179647773,0.9800426175242223,0.9914953843669361,0.8984596827975596,0.9331693759748058,0.9465003650709372,0.9782188767904012,0.9892798507387602,0.888739957394953,0.9423528439295293,0.9752924152523818
Hai Phượng,0.960836081119216,0.6635597418183308,0.8512284782431329,0.8156344358024442,0.9045790848991051,0.948859576495004,0.9584335443054354,0.8259398904808783,0.9303386860713934,0.8915984941868407,0.9407695140687176,0.8838554764979054,0.96384476849455,0.9120898334022302,-2.220446049250313e-16,0.8452410980006865,0.9475126309411694,0.9589431880102169,0.8634082800446564,0.9292659706051154,0.9402575167766634,0.9130267418713318,0.8834606552356453,0.9929411775702596,0.8767628486607091,0.856136536034852,0.8063794691831389,0.8332490721670822,0.902044136089869,0.9154973277282803,0.6202897302978341,0.8986620678356192,0.8583255284124106,0.9627029914964251,0.7884191953355512,0.9390295877465088,0.8180997203904697,0.9459222715641631,0.9241150458589938,0.9204918825426316,0.9533061602603785,0.9380862545956928,0.9102858018094422,0.862461002511632,0.81491357683099,0.9302402021694929,0.9059522070858472,0.8689016482819492,0.9837773075057561,0.9753929298940215,0.7566997690163639,0.893348014159709,0.8594631601587259,0.8039543144930013,0.8998331052218612,0.77806300163536,0.8794771556887843,0.9425404114229058,0.9140670079180924,0.9378825542980816,0.9847970675091678,0.9823278068397961,0.9573256524619598,0.8585255717665545,0.9698386813245223,0.9878955899889956,0.9580861109039611,0.9459222715641631,0.9905487514659614,0.9129446376081833,0.9951066919623128,0.9441722660407708,0.8508911391447483,0.9378881552942496,0.9359082245315549
Cua lại vợ bầu,0.9280949850083895,0.8983426115644114,0.780605176946644,0.6744011655978468,0.8583513947783266,0.9043468233184936,0.9549925261543861,0.8619676219226031,0.8632076468479961,0.9292224887907324,0.9777072008365777,0.8649661162805536,0.9649307015061632,0.9543810365561525,0.8452410980006865,-2.220446049250313e-16,0.9671186016458447,0.946499197188376,0.7631059665491233,0.9144436705632732,0.8468013382548701,0.8991558459236804,0.7686948474254481,0.9368293646604533,0.812774505116309,0.9161116918145772,0.89633239892487,0.5751058897853554,0.9208952341999193,0.9036573429605887,0.86289934635545,0.827197686412971,0.9284478555313163,0.9348249574742147,0.837541946519659,0.924942619118154,0.8576685885640056,0.9526192301142455,0.9486302026411845,0.9361195512335868,0.9651317293462451,0.96242999329485,0.894634421665444,0.7867908795777773,0.9009663014173183,0.9133238248990763,0.9534615646108292,0.8475382182118353,0.9052686471852801,0.9374569103767721,0.8790366667564188,0.9551578744648185,0.9037093002108334,0.7476450382601005,0.9285459629193024,0.7980611929797854,0.8473711877120162,0.9648729454408915,0.8896341855438088,0.9898452797300017,0.9319815049132316,0.9719180329008087,0.9519986055121437,0.9762078490283255,0.9668024373682375,0.9552110916714184,0.9085359370053948,0.9526192301142455,1.0,0.8739427962200692,0.9914491383560303,0.90782605677499,0.8346977511248747,0.9474064715767745,0.881225597140078
Avengers: Cuộc chiến vô cực,0.9339026606021406,0.9856140050858649,0.9578262508414617,0.9693606187262533,0.9736109261705678,0.9930798768722906,0.22333276225909215,0.8953166387098289,0.9445591337213082,0.94909114051957,0.9690071860180204,0.9205043049788636,0.7653931779303589,0.23403107117009958,0.9475126309411694,0.9671186016458447,-2.220446049250313e-16,0.9828751815822921,0.972800701010897,0.9307413004295713,0.9548223340059067,0.8919891847213983,0.967373708905156,1.0,0.8168928984925663,0.9104527433402289,0.9894816222483591,0.8889433655597325,0.8454028799061685,0.885925599325208,0.9242316552424633,0.9151081143189739,0.9807334568450361,0.9711467532049348,0.9015384337826979,0.8924247903758319,0.9099147676559909,0.9191205604903674,0.9032882878091775,0.9771986830195082,0.762361589937659,0.4281480979586486,0.9793930559233791,0.9550550448636905,0.8537965820694354,0.9681299719096922,0.7719307364836105,0.9547210585377747,0.9724796575196244,0.9631959815069187,0.9161624097103036,0.9799323287793145,0.8292663264347662,0.9576702772172818,0.9816882715038578,0.9725048528457746,0.8884512512230072,0.962852451210997,0.8873029109705561,0.9608238037495096,0.9710293708407357,0.8117873475204307,0.9716156606966603,0.9904564862715614,0.974279180075012,0.994467608806972,0.9792279785159678,0.9191205604903674,0.9081568244180852,0.9703258701261006,0.9276702984582407,0.9846571202489666,0.9469293660763582,0.9077089933342368,0.9818163231982746
Bỗng dưng trúng số,0.9873613216177768,0.9437997469138932,0.846344158620089,0.9022335323455518,0.9141685231669897,0.9465557251039792,0.9863207136390584,0.9470327437163784,0.8768001422586037,0.9283810066848402,0.9045225079809529,0.9340495750347754,0.982244387976791,0.9770420017023305,0.9589431880102169,0.946499197188376,0.9828751815822921,-2.220446049250313e-16,0.9489522167227786,1.0,0.9273225103162175,0.7092502431221125,1.0,1.0,0.8595260350404177,0.7959185749078103,0.9587223757009827,0.9217902280570116,0.934474830590725,0.8977599352642283,0.9493302293301256,0.9671172013747574,0.9748369550667703,0.8986941428980962,0.8828629699337486,0.9754115500415457,0.8971547894341557,0.980028867064666,0.9695254669391674,0.9761014803506989,0.9335464460876456,0.9710227015983226,0.9011701935893819,0.7306099485679921,0.9722284156495088,0.9680158521688847,0.9554539980657595,0.9462569447701171,0.8994215565824241,0.9291693124350491,0.8106641089770117,0.9743293105060441,0.9504816678387262,0.9708472876719818,0.9663867900049453,0.9593212098012419,0.9412715554180796,0.9508273912669722,0.9254006439196505,0.969424462513336,0.9729008365811797,0.9905525145560189,0.9072358024248299,0.990723188633126,0.9847904722234513,0.9355043496863982,0.9457873937399687,0.980028867064666,0.963933057876034,1.0,0.9502424859993239,0.7414597196083619,0.9488494320312609,0.9628394459995473,1.0
Mắt biếc,0.9368786467227206,0.899704419766743,0.747627403431547,0.7477496109298307,0.8271826027889454,0.927809082863355,0.9422906753937055,0.8864703087389764,0.9407684734843518,0.8165414691562232,0.9495648943556769,0.9154234428781433,0.9775784961611991,0.9656725414149497,0.8634082800446564,0.7631059665491233,0.972800701010897,0.9489522167227786,0.0,0.8363335782133426,0.847137642078511,0.8983180176862751,0.9018314311438353,0.8884774228095536,0.8052307521614116,0.9039264841964026,0.9002393021135763,0.9035069691431302,0.8908566513202303,0.9584695227326677,0.9127658432464351,0.892562446317275,0.9712812295177173,0.9505626993709815,0.8085528949768664,0.9370071240841791,0.8624843967851055,0.9527948764366437,0.9437409077545231,0.90581612922037,0.9387888949005869,0.9515199459567503,0.9928767861958058,0.8434497684486812,0.8649898668392363,0.9556915984983634,0.9239919261268565,0.7857575570347679,0.735937803563725,0.8922115729746618,0.918069758426911,0.8957597454516057,0.9080170166194109,0.7970184078426141,0.9185412280374,0.7992162847130154,0.9336832810466222,0.9714678158366059,0.9392893963453637,0.8803720642171138,0.9390006962516289,0.919784270896891,0.9834913858846239,0.9633985092169591,0.9285363124917831,0.9372472312690862,0.98044020804605,0.9527948764366437,0.9862546120748903,0.7762039742863387,0.7906418698337789,0.797711575234732,0.9259564924387947,0.9492477351488999,0.827705212257322
Thám tử lừng danh Conan: Dư ảnh của độc nhãn,0.9419996225069498,0.9610779926753396,0.9468980484270769,0.9666935315533847,0.8521931345473416,1.0,0.8915085063267116,0.8335668075233186,0.9347146619852847,0.9272305202952684,0.9239055429399042,0.8107691116243767,0.9084127435190841,0.8100566398145335,0.9292659706051154,0.9144436705632732,0.9307413004295713,1.0,0.8363335782133426,0.0,0.8918287240208994,0.9322913234909436,0.9886816149776025,1.0,0.8276774619227092,0.8065433028080267,0.9697866616481038,0.9317871586175338,0.8605824569307224,0.8922363848959649,0.949405322335107,0.9367619646400406,0.9381714039787288,1.0,0.8449371580830058,0.8696524630249838,0.985060211978193,0.8812137414912931,0.9414945854206491,0.9782296660679513,0.9102399540843762,0.9350364730724416,0.9216676189796298,0.9830956917176544,0.915361147201241,0.8105814494158338,0.8759532319683139,0.9832155445528163,0.964147842329413,0.9237096843525223,0.9074742760896225,0.9545637972730313,0.8731494558718216,0.9729840678710079,0.975975513942066,0.9436447945802073,0.9250158881562411,0.8925370130415873,0.879083552399754,1.0,0.9468641622756883,0.9553321972766737,0.9841446924704954,0.7782273958976722,0.9633205473795076,0.9909270231963421,1.0,0.8812137414912931,0.9527029669197843,1.0,0.9173164298651596,0.9799820219363812,0.918549056825856,0.9582456464434851,0.9761421647425699
Tiệc trăng máu,0.9607979142302188,0.9090085003342621,0.794068426412303,0.7924555550189464,0.6994199433458597,0.9764088996353957,0.9439274900176171,0.887509360120737,0.8951939192614223,0.8772634319831343,0.9611558631218223,0.8795074806723353,0.979037946063908,0.9353426584059414,0.9402575167766634,0.8468013382548701,0.9548223340059067,0.9273225103162175,0.847137642078511,0.8918287240208994,-2.220446049250313e-16,0.9481022497157016,0.9473555897820483,0.8806244072354837,0.8743577612886092,0.9096787097384404,0.9397382096947409,0.9139329992543699,0.8584001569119972,0.9414454266840003,0.8074750388919467,0.9054374589598134,0.9653845915334772,0.9655320518819057,0.8854892550452813,0.9392653028799645,0.9017099494194266,0.9802722124099157,0.9587469974046211,0.9384805730631087,0.9090765812313545,0.9337666517347152,0.988682710311334,0.8836760076788736,0.9311236120008943,0.9328793935224168,0.8833727014033161,0.8884520429497351,0.9199759933596078,0.9625514935294489,0.9106444283697444,0.8999343543832228,0.8863237790581812,0.8788018634347479,0.9629163490618114,0.7556421159042688,0.8830203443548627,0.9562137352892626,0.8669828647238631,0.9782966609606631,0.9346990339613228,0.917058171821494,0.9052109253662177,0.9612617438953248,0.9076853440290282,0.9231624672445585,0.910783409757471,0.9802722124099157,0.952787734552435,0.9429568910190624,0.9523098275882562,0.8962812009825938,0.8883487887217318,0.9313890227140024,0.951091371054944
Địa đạo: Mặt trời trong bóng tối,0.7398487823530496,0.9392308859484764,0.8241650156941693,0.8506686835639139,0.9233070134938495,0.9700842928634671,0.8546358630216332,0.8056101374592692,0.9421607022030299,0.9323650589011312,0.9269904437200229,0.8638293069862863,0.9598353543783392,0.9429724197542159,0.9130267418713318,0.8991558459236804,0.8919891847213983,0.7092502431221125,0.8983180176862751,0.9322913234909436,0.9481022497157016,-2.220446049250313e-16,0.9563627245886351,0.9800388711089218,0.8440799031438038,0.7340919215094187,0.952061312464545,0.8364574420661948,0.8481225483401226,0.7774691744699066,0.888879731833211,0.9068722582986396,0.9437242663918832,0.8957837240436788,0.7266308215389725,0.8683955054197979,0.8605552658003376,0.9392622467891771,0.8450053845182224,0.9523482782649162,0.9257122666100944,0.7575995641407853,0.927375917770332,0.8641840073217076,0.8464516988332963,0.8542431143490322,0.8248836561640487,0.8974034500947441,0.9226921695074002,0.9098741727205432,0.8450116828878165,0.9390533638107589,0.7926619150737325,0.8959299340434804,0.8644495530487653,0.8275673565688269,0.8144614252923061,0.9249305051468278,0.8853693698327542,0.9411949166894189,0.9886939452361461,0.9692388285459133,0.9545584524734081,0.9915692488207879,0.9885747934014112,0.9437516435142834,0.9690634811743227,0.9392622467891771,0.9865228653737569,0.9266397820779526,0.966471943136877,0.9398028458719546,0.8531262125940955,0.8298060241721412,0.947312643806204
Mang mẹ đi bỏ,0.9137112592860143,0.9282195778574772,0.7851641374862814,0.7640507048451018,0.9344859819760593,1.0,0.9727423297232173,0.8701728922099212,0.9840274478212224,0.8234487365371871,1.0,0.9575021856720921,0.9568959534642364,0.9821326551415209,0.8834606552356453,0.7686948474254481,0.967373708905156,1.0,0.9018314311438353,0.9886816149776025,0.9473555897820483,0.9563627245886351,0.0,1.0,0.9796730747030319,0.9814262028517999,0.8797026137988477,0.9172562065740152,0.9026688649210243,0.9285675010276783,0.9469060061824549,0.9630919090129662,1.0,1.0,0.8619585796302237,0.9534155334140906,0.9376075291973662,0.9897815374750456,0.9684614476184765,0.9533151714606529,0.9935021253950026,0.9748172040085783,0.9492569472667779,0.8941493717984107,0.850592910804552,0.8513859577628967,0.9873506429620346,0.8896851944329432,0.842147479346446,0.9624480243445283,0.9261769525635749,0.8605071288021036,0.9338369506013375,0.9138761592359801,0.9765783514182801,0.8773168478558012,0.9576606830264287,0.9509984893497883,0.9510901798096927,1.0,0.9701235658826064,0.9640626936028532,0.9343315544445281,0.8862486917919755,0.975827721386876,1.0,1.0,0.9897815374750456,0.9546582836131178,0.9457210477179014,0.9686589849961488,0.9348984328031019,0.9478771293057145,0.9782257276139829,0.8313507790032187
Em chưa 18,0.9441053153119185,1.0,0.9935620178206128,0.8953213473255841,0.9915943135974294,0.9070566521904968,0.9899423354177511,0.9826516762444673,0.9808298038475783,0.7920341127250758,1.0,0.950174670979297,1.0,0.9941910007829751,0.9929411775702596,0.9368293646604533,1.0,1.0,0.8884774228095536,1.0,0.8806244072354837,0.9800388711089218,1.0,0.0,1.0,0.9912021156835362,0.8906338364238118,1.0,1.0,1.0,0.9920890787669495,0.986966859010352,1.0,1.0,0.9593535002209765,1.0,0.8709045101187616,1.0,1.0,1.0,0.9815557346534831,0.9935917902235746,1.0,0.9844715697935726,0.9834306169860627,1.0,0.9805457643120722,0.9167147696231256,0.939611337538997,0.9437339665073055,0.9812452733860104,1.0,1.0,0.842782797501908,0.9439594582755896,0.9685628228483795,1.0,0.9890209428763415,0.9693785255660465,1.0,0.9602061562293859,0.9834437641966781,1.0,0.9538416536296564,0.9466921584968108,0.8921512489104584,0.8791529522266224,1.0,0.8561003868743038,1.0,0.9564012487943487,0.6869868418517651,0.975857332061411,0.9405819828795249,1.0
Doraemon: Nobita và cuộc phiêu lưu vào thế giới trong tranh,0.9259301956137469,0.9165728322628877,0.7987918755739195,0.8436531366186046,0.8865781311916239,0.9486065306442618,0.7777761455614496,0.8473366974860278,0.928510116941011,0.8476928116544914,0.7969657508880257,0.7405055577711868,0.9228590080069226,0.8198323428299064,0.8767628486607091,0.812774505116309,0.8168928984925663,0.8595260350404177,0.8052307521614116,0.8276774619227092,0.8743577612886092,0.8440799031438038,0.9796730747030319,1.0,0.0,0.7742598044973557,0.9407131257920779,0.8735521681726579,0.80563935739362,0.8741500256474236,0.8245407016607895,0.6769671986535093,0.9596293840647439,0.9216666597025722,0.8236545479925937,0.8478025813648942,0.8769107715759146,0.8137989425631351,0.864600825008393,0.8722649605475674,0.8487708704660265,0.7997848722648585,0.9603901443582784,0.7806354535336264,0.8893076343664081,0.8723458760681607,0.8025037737313466,0.8525404318394438,0.9301961439263284,0.8647151696793154,0.7636367198651105,0.961262825951807,0.7441035715974786,0.732402682870616,0.9194546666008315,0.8820013430316562,0.8192900821141047,0.8072396729727065,0.7907059658124284,0.9551449885074309,0.8184863015054635,0.8825177262743247,0.8760258184633012,0.9389537557615469,0.8881539797642629,0.966445309363555,0.9808658107437795,0.8137989425631351,0.9335466655368528,0.9059616263011557,0.9054465221259334,0.9095272678198858,0.8394402839831387,0.9107806480390733,0.9716489048996719
Kong: Đảo Đầu lâu,0.8386070009314288,0.9485273318373268,0.8333430533069353,0.8828144835271733,0.8795835787621227,0.9721561466412477,0.8657958735992713,0.7095436307357965,0.9165801367515595,0.8614590401976675,0.8876386318528704,0.7807903420723603,0.9112606926221347,0.8479571407482259,0.856136536034852,0.9161116918145772,0.9104527433402289,0.7959185749078103,0.9039264841964026,0.8065433028080267,0.9096787097384404,0.7340919215094187,0.9814262028517999,0.9912021156835362,0.7742598044973557,2.220446049250313e-16,0.9303960531942308,0.7880881472907075,0.743291559951441,0.7327706606634079,0.8966125281202951,0.8584881690915187,0.9523395705029128,0.7825650645951883,0.7569670714523634,0.7042766352698149,0.8203542800769862,0.8755651791055941,0.8521972289115883,0.8935458083606538,0.8606501455435401,0.8436362621680975,0.8893334975986399,0.8723630738199468,0.7149452762766945,0.8527823521788966,0.7422586266192849,0.8518995910094386,0.9415371445168519,0.8415732313723716,0.6076681552816876,0.8849478517804599,0.771682431475861,0.9136818769378653,0.9144979201228792,0.8712097332595483,0.7158743423588704,0.868134331333501,0.6833922427247348,0.9287144021999225,0.9668602127806027,0.939240169462906,0.9150106854444735,0.9787283869912363,0.9453333363166987,0.966231342170498,0.9662340705414458,0.8755651791055941,0.9311027229415633,0.9438197157376922,0.9703182004740525,0.9317081888137005,0.8309018051701464,0.8770349944324987,0.9877784085409593
Gái già lắm chiêu 3,0.9642355078432829,0.5290042453967776,0.826176247741415,0.8128655438677463,0.8134074550657374,0.841744498812565,0.914518444133829,0.9366959062038531,0.9150521879728234,0.9411286417224246,0.9755073801449105,0.9275422067613864,0.9795840045428783,0.9624479913359273,0.8063794691831389,0.89633239892487,0.9894816222483591,0.9587223757009827,0.9002393021135763,0.9697866616481038,0.9397382096947409,0.952061312464545,0.8797026137988477,0.8906338364238118,0.9407131257920779,0.9303960531942308,-2.220446049250313e-16,0.9538628270028459,0.8873979180107224,0.9231475113041605,0.8641315868819293,0.9464379657829811,1.0,0.9628811153088138,0.8962785008136593,0.9378898856081148,0.8693767706153774,0.9488634360760568,0.94587557505633,0.9147811369891148,0.967684230827311,0.9518568258943921,0.9313647915575353,0.8385768523550725,0.9613838410523113,0.9777236343379014,0.9121812753051458,0.8569909225562702,0.8474657240625616,0.9546117979390898,0.9368339840872886,0.9044690060344747,0.9534337592778889,0.8550760409901641,0.9780473432800404,0.7326994613835821,0.9633020662809364,0.9894750621783807,0.9392898169574595,0.9418076684218829,0.9613244542950165,0.9601156743632459,0.9567759928395616,0.933358066137486,0.9724782264943119,1.0,0.7472925634507817,0.9488634360760568,0.9710858211186189,0.9489163587124915,0.9714732773446431,0.9141695060735633,0.9543824366636291,1.0,0.8150044157553327
